python privpack-app gaussian5 -e 250 -b 200 -k 1 -l 10 -d 0 0.4 0.8 1 1.5 2 2.5 3 3.5 4 -i ppan

Mu= tensor([0., 0., 0., 0., 0., 0., 0., 0., 0., 0.]), 
Covariance= tensor([[1.0000, 0.0000, 0.0000, 0.0000, 0.0000, 0.4700, 0.0000, 0.0000, 0.0000,
         0.0000],
        [0.0000, 1.0000, 0.0000, 0.0000, 0.0000, 0.0000, 0.2400, 0.0000, 0.0000,
         0.0000],
        [0.0000, 0.0000, 1.0000, 0.0000, 0.0000, 0.0000, 0.0000, 0.8500, 0.0000,
         0.0000],
        [0.0000, 0.0000, 0.0000, 1.0000, 0.0000, 0.0000, 0.0000, 0.0000, 0.0700,
         0.0000],
        [0.0000, 0.0000, 0.0000, 0.0000, 1.0000, 0.0000, 0.0000, 0.0000, 0.0000,
         0.6600],
        [0.4700, 0.0000, 0.0000, 0.0000, 0.0000, 1.0000, 0.0000, 0.0000, 0.0000,
         0.0000],
        [0.0000, 0.2400, 0.0000, 0.0000, 0.0000, 0.0000, 1.0000, 0.0000, 0.0000,
         0.0000],
        [0.0000, 0.0000, 0.8500, 0.0000, 0.0000, 0.0000, 0.0000, 1.0000, 0.0000,
         0.0000],
        [0.0000, 0.0000, 0.0000, 0.0700, 0.0000, 0.0000, 0.0000, 0.0000, 1.0000,
         0.0000],
        [0.0000, 0.0000, 0.0000, 0.0000, 0.6600, 0.0000, 0.0000, 0.0000, 0.0000,
         1.0000]])
Gaussian Mixture - Actual Mutual Information: 1.0838899612426758,                             
Estimated Mutual Information from generated training data: 1.1039148569107056
Entropy of Y: 7.094692707061768

Training with lambdas: [10], deltas: [0.0, 0.4, 0.8, 1.0, 1.5, 2.0, 2.5, 3.0, 3.5, 4.0], ks: [1]
 Gaussian data settings:
            privacy_size: 5,
            public_size: 5,
            noise_size: 8,
            observation_model: public
